39
86
24
159
223

26
141
41
171
220
89
146
182

90

209

270
8
7,42
87
36


189
330
302

1
213
11
194
12
13,16,17,19,57,68,73,80,88,90,106,107,112,120,124,148,197,248,249,258
126
278

150
75

136
320


189
279
248
61
264


72
218
320
38

94
184
90
46
209
233
254
106

318
122
170
170
73
64,188,260
254
280

141,143,328
201,261
228
86
161,253,283,298
184

324
90
123
213

244
86
52
174
37


215
227
29

312
